0.00500501 4.696 0 566160
0.015015 4.696 0 566160
0.025025 4.696 0 566160
0.035035 4.696 0 566160
0.045045 4.696 0 566160
0.0550551 4.696 0 566160
0.0650651 4.696 0 566160
0.0750751 4.696 0 566160
0.0850851 4.696 0 566160
0.0950951 4.696 0 566160
0.105105 4.696 0 566160
0.115115 4.696 0 566160
0.125125 4.696 0 566160
0.135135 4.696 0 566160
0.145145 4.696 0 566160
0.155155 4.696 0 566160
0.165165 4.696 0 566160
0.175175 4.696 0 566160
0.185185 4.696 0 566160
0.195195 4.696 0 566160
0.205205 4.696 0 566160
0.215215 4.696 0 566160
0.225225 4.696 0 566160
0.235235 4.696 0 566160
0.245245 4.696 0 566160
0.255255 4.696 0 566160
0.265265 4.696 0 566160
0.275275 4.696 0 566160
0.285285 4.696 0 566160
0.295295 4.696 0 566160
0.305305 4.696 0 566160
0.315315 4.696 0 566160
0.325325 4.696 0 566160
0.335335 4.696 0 566160
0.345345 4.696 0 566160
0.355355 4.696 0 566160
0.365365 4.696 0 566160
0.375375 4.696 0 566160
0.385385 4.696 0 566160
0.395395 4.696 0 566160
0.405405 4.696 0 566160
0.415415 4.696 0 566160
0.425425 4.696 0 566160
0.435435 4.696 0 566160
0.445445 4.696 0 566160
0.455455 4.696 0 566160
0.465465 4.696 0 566160
0.475475 4.696 0 566160
0.485485 4.696 0 566160
0.495495 4.696 0 566160
0.505506 4.696 0 566160
0.515516 4.696 0 566160
0.525526 4.696 0 566160
0.535536 4.696 0 566160
0.545546 4.696 0 566160
0.555556 4.696 0 566160
0.565566 4.696 0 566160
0.575576 4.696 0 566160
0.585586 4.696 0 566160
0.595596 4.696 0 566160
0.605606 4.696 0 566160
0.615616 4.696 0 566160
0.625626 4.696 0 566160
0.635636 4.696 0 566160
0.645646 4.696 0 566160
0.655656 4.696 0 566160
0.665666 4.696 0 566160
0.675676 4.696 0 566160
0.685686 4.696 0 566160
0.695696 4.696 0 566160
0.705706 4.696 0 566160
0.715716 4.696 0 566160
0.725726 4.696 0 566160
0.735736 4.696 0 566160
0.745746 4.696 0 566160
0.755756 4.696 0 566160
0.765766 4.696 0 566160
0.775776 4.696 0 566160
0.785786 4.696 0 566160
0.795796 4.696 0 566160
0.805806 4.696 0 566160
0.815816 4.696 0 566160
0.825826 4.696 0 566160
0.835836 4.696 0 566160
0.845846 4.696 0 566160
0.855856 4.696 0 566160
0.865866 4.696 0 566160
0.875876 4.696 0 566160
0.885886 4.696 0 566160
0.895896 4.696 0 566160
0.905906 4.696 0 566160
0.915916 4.696 0 566160
0.925926 4.696 0 566160
0.935936 4.696 0 566160
0.945946 4.696 0 566160
0.955956 4.696 0 566160
0.965966 4.696 0 566160
0.975976 4.696 0 566160
0.985986 4.696 0 566160
0.995996 4.696 0 566160
1.00601 4.696 0 566160
1.01602 4.696 0 566160
1.02603 4.696 0 566160
1.03604 4.696 0 566160
1.04605 4.696 0 566160
1.05606 4.696 0 566160
1.06607 4.696 0 566160
1.07608 4.696 0 566160
1.08609 4.696 0 566160
1.0961 4.696 0 566160
1.10611 4.696 0 566160
1.11612 4.696 0 566160
1.12613 4.696 0 566160
1.13614 4.696 0 566160
1.14615 4.696 0 566160
1.15616 4.696 0 566160
1.16617 4.696 0 566160
1.17618 4.696 0 566160
1.18619 4.696 0 566160
1.1962 4.696 0 566160
1.20621 4.696 0 566160
1.21622 4.696 0 566160
1.22623 4.696 0 566160
1.23624 4.696 0 566160
1.24625 4.696 0 566160
1.25626 4.696 0 566160
1.26627 4.696 0 566160
1.27628 4.696 0 566160
1.28629 4.696 0 566160
1.2963 4.696 0 566160
1.30631 4.696 0 566160
1.31632 4.696 0 566160
1.32633 4.696 0 566160
1.33634 4.696 0 566160
1.34635 4.696 0 566160
1.35636 4.696 0 566160
1.36637 4.696 0 566160
1.37638 4.696 0 566160
1.38639 4.696 0 566160
1.3964 4.696 0 566160
1.40641 4.696 0 566160
1.41642 4.696 0 566160
1.42643 4.696 0 566160
1.43644 4.696 0 566160
1.44645 4.696 0 566160
1.45646 4.696 0 566160
1.46647 4.696 0 566160
1.47648 4.696 0 566160
1.48649 4.696 0 566160
1.4965 4.696 0 566160
1.50651 4.696 0 566160
1.51652 4.696 0 566160
1.52653 4.696 0 566160
1.53654 4.696 0 566160
1.54655 4.696 0 566160
1.55656 4.696 0 566160
1.56657 4.696 2.17517e-15 566160
1.57658 4.696 6.19376e-14 566160
1.58659 4.696 1.13009e-13 566160
1.5966 4.696 1.65163e-13 566160
1.60661 4.696 2.67305e-13 566160
1.61662 4.696 3.54231e-13 566160
1.62663 4.696 4.04208e-13 566160
1.63664 4.696 5.28082e-13 566160
1.64665 4.696 6.31307e-13 566160
1.65666 4.696 7.53007e-13 566160
1.66667 4.696 9.38815e-13 566160
1.67668 4.696 1.17135e-12 566160
1.68669 4.696 1.4832e-12 566160
1.6967 4.696 1.93088e-12 566160
1.70671 4.696 2.49482e-12 566160
1.71672 4.696 3.24457e-12 566160
1.72673 4.696 4.26814e-12 566160
1.73674 4.696 5.61878e-12 566160
1.74675 4.696 7.39319e-12 566160
1.75676 4.696 9.77283e-12 566160
1.76677 4.696 1.28544e-11 566160
1.77678 4.696 1.69183e-11 566160
1.78679 4.696 2.22295e-11 566160
1.7968 4.696 2.91088e-11 566160
1.80681 4.696 3.8071e-11 566160
1.81682 4.696 4.9603e-11 566160
1.82683 4.696 6.44567e-11 566160
1.83684 4.696 8.35579e-11 566160
1.84685 4.696 1.07967e-10 566160
1.85686 4.696 1.39078e-10 566160
1.86687 4.696 1.78638e-10 566160
1.87688 4.696 2.28743e-10 566160
1.88689 4.696 2.91976e-10 566160
1.8969 4.696 3.71559e-10 566160
1.90691 4.696 4.71343e-10 566160
1.91692 4.696 5.96092e-10 566160
1.92693 4.696 7.51488e-10 566160
1.93694 4.696 9.44485e-10 566160
1.94695 4.696 1.18337e-09 566160
1.95696 4.696 1.47817e-09 566160
1.96697 4.696 1.84087e-09 566160
1.97698 4.696 2.28593e-09 566160
1.98699 4.696 2.83062e-09 566160
1.997 4.696 3.49582e-09 566160
2.00701 4.696 4.3069e-09 566160
2.01702 4.696 5.29503e-09 566160
2.02703 4.696 6.4993e-09 566160
2.03704 4.696 7.96993e-09 566160
2.04705 4.696 9.77402e-09 566160
2.05706 4.696 1.20057e-08 566160
2.06707 4.696 1.4806e-08 566160
2.07708 4.696 1.8399e-08 566160
2.08709 4.696 2.31457e-08 566160
2.0971 4.696 2.95848e-08 566160
2.10711 4.696 3.8415e-08 566160
2.11712 4.696 5.04489e-08 566160
2.12713 4.696 6.66153e-08 566160
2.13714 4.696 8.80145e-08 566160
2.14715 4.696 1.15985e-07 566160
2.15716 4.696 1.52164e-07 566160
2.16717 4.696 1.98546e-07 566160
2.17718 4.696 2.57537e-07 566160
2.18719 4.696 3.32015e-07 566160
2.1972 4.696 4.25384e-07 566160
2.20721 4.696 5.4164e-07 566160
2.21722 4.696 6.85425e-07 566160
2.22723 4.696 8.62084e-07 566160
2.23724 4.696 1.07772e-06 566160
2.24725 4.696 1.33926e-06 566160
2.25726 4.696 1.65447e-06 566160
2.26727 4.696 2.03207e-06 566160
2.27728 4.696 2.48174e-06 566160
2.28729 4.696 3.01425e-06 566160
2.2973 4.696 3.6416e-06 566160
2.30731 4.696 4.37719e-06 566160
2.31732 4.696 5.23624e-06 566160
2.32733 4.696 6.23676e-06 566160
2.33734 4.696 7.40307e-06 566160
2.34735 4.696 8.78058e-06 566160
2.35736 4.696 1.04968e-05 566160
2.36737 4.696 1.30004e-05 566160
2.37738 4.696 1.79144e-05 566160
2.38739 4.696 2.9435e-05 566160
2.3974 4.696 5.57195e-05 566160
2.40741 4.696 0.000112204 566160
2.41742 4.696 0.000228635 566159
2.42743 4.69599 0.000462432 566159
2.43744 4.69599 0.000923677 566158
2.44745 4.69598 0.00182138 566156
2.45746 4.69595 0.00354813 566152
2.46747 4.69591 0.00683304 566144
2.47748 4.69582 0.0130144 566130
2.48749 4.69567 0.0245205 566104
2.4975 4.69538 0.0457078 566056
2.50751 4.69486 0.0843097 565968
2.51752 4.69392 0.153896 565809
2.52753 4.69224 0.277792 565526
2.53754 4.68933 0.493798 565034
2.54755 4.68447 0.853129 564215
2.55756 4.67713 1.39709 562978
2.56757 4.66741 2.11929 561340
2.57758 4.65596 2.97075 559413
2.58759 4.64346 3.90228 557312
2.5976 4.63032 4.88357 555105
2.60761 4.61676 5.89864 552831
2.61762 4.6029 6.93874 550509
2.62763 4.58881 7.99842 548152
2.63764 4.57455 9.0739 545768
2.64765 4.56016 10.1624 543365
2.65766 4.54565 11.2616 540947
2.66767 4.53107 12.3699 538519
2.67768 4.51642 13.4859 536083
2.68769 4.50172 14.6085 533642
2.6977 4.48699 15.7367 531199
2.70771 4.47223 16.8698 528754
2.71772 4.45746 18.0072 526311
2.72773 4.44267 19.1483 523869
2.73774 4.42789 20.2927 521429
2.74775 4.4131 21.44 518994
2.75776 4.39833 22.5899 516562
2.76777 4.38356 23.7421 514136
2.77778 4.3688 24.8964 511714
2.78779 4.35406 26.0526 509299
2.7978 4.33934 27.2104 506890
2.80781 4.32464 28.3698 504488
2.81782 4.30997 29.5306 502092
2.82783 4.29531 30.6927 499704
2.83784 4.28068 31.8559 497323
2.84785 4.26608 33.0202 494949
2.85786 4.25151 34.1854 492584
2.86787 4.23696 35.3516 490226
2.87788 4.22244 36.5186 487876
2.88789 4.20796 37.6863 485535
2.8979 4.1935 38.8548 483201
2.90791 4.17908 40.0239 480876
2.91792 4.16469 41.1936 478559
2.92793 4.15033 42.3639 476251
2.93794 4.13601 43.5347 473952
2.94795 4.12172 44.706 471660
2.95796 4.10746 45.8777 469378
2.96797 4.09323 47.0499 467104
2.97798 4.07905 48.2225 464839
2.98799 4.06489 49.3955 462582
2.998 4.05077 50.5688 460334
3.00801 4.03669 51.7424 458095
3.01802 4.02264 52.9164 455865
3.02803 4.00863 54.0907 453644
3.03804 3.99465 55.2652 451431
3.04805 3.98071 56.44 449227
3.05806 3.96681 57.615 447032
3.06807 3.95294 58.7903 444845
3.07808 3.93911 59.9658 442667
3.08809 3.92531 61.1415 440498
3.0981 3.91155 62.3173 438338
3.10811 3.89783 63.4934 436187
3.11812 3.88414 64.6696 434044
3.12813 3.8705 65.8461 431910
3.13814 3.85688 67.0226 429785
3.14815 3.84331 68.1993 427668
3.15816 3.82977 69.3762 425561
3.16817 3.81626 70.5532 423461
3.17818 3.8028 71.7303 421371
3.18819 3.78937 72.9075 419289
3.1982 3.77597 74.0848 417216
3.20821 3.76262 75.2623 415151
3.21822 3.7493 76.4398 413095
3.22823 3.73601 77.6175 411048
3.23824 3.72277 78.7952 409009
3.24825 3.70956 79.973 406978
3.25826 3.69638 81.1509 404956
3.26827 3.68325 82.3289 402943
3.27828 3.67015 83.507 400938
3.28829 3.65708 84.6851 398942
3.2983 3.64406 85.8633 396954
3.30831 3.63107 87.0416 394974
3.31832 3.61811 88.2199 393002
3.32833 3.60519 89.3982 391039
3.33834 3.59231 90.5767 389085
3.34835 3.57947 91.7551 387138
3.35836 3.56666 92.9337 385200
3.36837 3.55389 94.1122 383271
3.37838 3.54115 95.2908 381349
3.38839 3.52845 96.4694 379436
3.3984 3.51579 97.6481 377530
3.40841 3.50316 98.8268 375633
3.41842 3.49057 100.006 373744
3.42843 3.47801 101.184 371864
3.43844 3.46549 102.363 369991
3.44845 3.45301 103.542 368126
3.45846 3.44056 104.721 366270
3.46847 3.42814 105.899 364421
3.47848 3.41577 107.078 362580
3.48849 3.40343 108.257 360748
3.4985 3.39112 109.436 358923
3.50851 3.37885 110.614 357107
3.51852 3.36662 111.793 355298
3.52853 3.35443 112.972 353497
3.53854 3.34226 114.15 351704
3.54855 3.33014 115.329 349919
3.55856 3.31805 116.507 348142
3.56857 3.306 117.686 346373
3.57858 3.29398 118.864 344612
3.58859 3.282 120.042 342859
3.5986 3.27006 121.22 341113
3.60861 3.25815 122.397 339376
3.61862 3.24629 123.575 337646
3.62863 3.23445 124.752 335925
3.63864 3.22266 125.928 334211
3.64865 3.21091 127.105 332506
3.65866 3.19919 128.281 330809
3.66867 3.18751 129.456 329119
3.67868 3.17587 130.631 327438
3.68869 3.16428 131.805 325766
3.6987 3.15272 132.979 324101
3.70871 3.14121 134.151 322445
3.71872 3.12974 135.323 320798
3.72873 3.11831 136.494 319160
3.73874 3.10693 137.663 317530
3.74875 3.0956 138.831 315910
3.75876 3.08431 139.997 314299
3.76877 3.07308 141.161 312697
3.77878 3.0619 142.323 311106
3.78879 3.05078 143.483 309525
3.7988 3.03971 144.64 307954
3.80881 3.02871 145.794 306395
3.81882 3.01778 146.943 304848
3.82883 3.00692 148.088 303314
3.83884 2.99615 149.228 301793
3.84885 2.98547 150.361 300288
3.85886 2.97489 151.486 298800
3.86887 2.96444 152.601 297332
3.87888 2.95414 153.703 295886
3.88889 2.94401 154.79 294466
3.8989 2.93409 155.856 293079
3.90891 2.92444 156.897 291730
3.91892 2.91512 157.906 290429
3.92893 2.9062 158.872 289186
3.93894 2.89777 159.788 288012
3.94895 2.88993 160.642 286922
3.95896 2.88277 161.424 285927
3.96897 2.87638 162.123 285040
3.97898 2.87081 162.732 284268
3.98899 2.8661 163.249 283615
3.999 2.86223 163.674 283079
4.00901 2.85915 164.013 282653
4.01902 2.85678 164.273 282325
4.02903 2.85502 164.468 282081
4.03904 2.85375 164.608 281905
4.04905 2.85286 164.705 281782
4.05906 2.85226 164.771 281699
4.06907 2.85187 164.814 281646
4.07908 2.85163 164.841 281612
4.08909 2.85148 164.857 281592
4.0991 2.8514 164.867 281580
4.10911 2.85135 164.871 281574
4.11912 2.85133 164.874 281571
4.12913 2.85132 164.875 281570
4.13914 2.85132 164.876 281569
4.14915 2.85131 164.876 281568
4.15916 2.85132 164.875 281569
4.16917 2.85132 164.875 281570
4.17918 2.85134 164.873 281571
4.18919 2.85136 164.871 281574
4.1992 2.85137 164.869 281576
4.20921 2.85139 164.867 281579
4.21922 2.85141 164.865 281581
4.22923 2.85142 164.864 281583
4.23924 2.85144 164.862 281585
4.24925 2.85145 164.861 281587
4.25926 2.85146 164.859 281588
4.26927 2.85147 164.858 281590
4.27928 2.85148 164.857 281591
4.28929 2.85149 164.856 281593
4.2993 2.8515 164.855 281594
4.30931 2.85151 164.854 281595
4.31932 2.85152 164.853 281596
4.32933 2.85152 164.852 281597
4.33934 2.85153 164.852 281598
4.34935 2.85154 164.851 281599
4.35936 2.85154 164.851 281600
4.36937 2.85154 164.85 281600
4.37938 2.85155 164.85 281601
4.38939 2.85155 164.849 281601
4.3994 2.85155 164.849 281602
4.40941 2.85156 164.849 281602
4.41942 2.85156 164.849 281602
4.42943 2.85156 164.848 281603
4.43944 2.85156 164.848 281603
4.44945 2.85156 164.848 281603
4.45946 2.85156 164.848 281603
4.46947 2.85157 164.848 281603
4.47948 2.85157 164.848 281603
4.48949 2.85157 164.848 281603
4.4995 2.85157 164.848 281604
4.50951 2.85157 164.848 281604
4.51952 2.85157 164.848 281604
4.52953 2.85157 164.847 281604
4.53954 2.85157 164.847 281604
4.54955 2.85157 164.847 281604
4.55956 2.85157 164.847 281604
4.56957 2.85157 164.847 281604
4.57958 2.85157 164.847 281604
4.58959 2.85157 164.847 281604
4.5996 2.85157 164.847 281604
4.60961 2.85157 164.847 281604
4.61962 2.85157 164.847 281604
4.62963 2.85157 164.847 281604
4.63964 2.85157 164.847 281604
4.64965 2.85157 164.847 281604
4.65966 2.85157 164.847 281604
4.66967 2.85157 164.847 281604
4.67968 2.85157 164.847 281604
4.68969 2.85157 164.847 281604
4.6997 2.85156 164.847 281604
4.70971 2.85156 164.847 281604
4.71972 2.85156 164.847 281604
4.72973 2.85156 164.847 281604
4.73974 2.85156 164.847 281604
4.74975 2.85156 164.847 281604
4.75976 2.85156 164.847 281604
4.76977 2.85156 164.847 281604
4.77978 2.85156 164.847 281604
4.78979 2.85156 164.847 281604
4.7998 2.85156 164.847 281604
4.80981 2.85156 164.847 281604
4.81982 2.85156 164.847 281604
4.82983 2.85156 164.847 281604
4.83984 2.85156 164.847 281604
4.84985 2.85156 164.847 281604
4.85986 2.85156 164.847 281604
4.86987 2.85156 164.847 281604
4.87988 2.85156 164.847 281604
4.88989 2.85156 164.847 281604
4.8999 2.85156 164.847 281604
4.90991 2.85156 164.847 281604
4.91992 2.85156 164.847 281604
4.92993 2.85156 164.847 281604
4.93994 2.85156 164.847 281604
4.94995 2.85156 164.847 281604
4.95996 2.85156 164.847 281604
4.96997 2.85156 164.847 281604
4.97998 2.85156 164.847 281604
4.98999 2.85156 164.847 281604
5 2.85156 164.847 281604
5.01001 2.85156 164.847 281604
5.02002 2.85156 164.847 281604
5.03003 2.85156 164.847 281604
5.04004 2.85156 164.847 281604
5.05005 2.85156 164.847 281604
5.06006 2.85156 164.847 281604
5.07007 2.85156 164.847 281604
5.08008 2.85156 164.847 281604
5.09009 2.85156 164.847 281604
5.1001 2.85156 164.847 281604
5.11011 2.85156 164.847 281604
5.12012 2.85156 164.847 281604
5.13013 2.85156 164.847 281604
5.14014 2.85156 164.847 281604
5.15015 2.85156 164.847 281604
5.16016 2.85156 164.847 281604
5.17017 2.85156 164.847 281604
5.18018 2.85156 164.847 281604
5.19019 2.85155 164.847 281604
5.2002 2.85155 164.847 281604
5.21021 2.85155 164.847 281604
5.22022 2.85155 164.847 281604
5.23023 2.85155 164.847 281604
5.24024 2.85155 164.847 281604
5.25025 2.85155 164.847 281604
5.26026 2.85155 164.847 281604
5.27027 2.85155 164.847 281604
5.28028 2.85155 164.847 281604
5.29029 2.85155 164.847 281604
5.3003 2.85155 164.847 281604
5.31031 2.85155 164.847 281604
5.32032 2.85155 164.847 281604
5.33033 2.85155 164.847 281604
5.34034 2.85154 164.847 281604
5.35035 2.85154 164.847 281604
5.36036 2.85154 164.847 281604
5.37037 2.85154 164.847 281604
5.38038 2.85154 164.847 281604
5.39039 2.85154 164.847 281604
5.4004 2.85154 164.847 281604
5.41041 2.85154 164.847 281604
5.42042 2.85154 164.847 281604
5.43043 2.85153 164.847 281604
5.44044 2.85153 164.847 281604
5.45045 2.85153 164.847 281604
5.46046 2.85153 164.847 281604
5.47047 2.85153 164.847 281604
5.48048 2.85153 164.847 281604
5.49049 2.85153 164.847 281604
5.5005 2.85153 164.847 281604
5.51051 2.85152 164.847 281604
5.52052 2.85152 164.847 281604
5.53053 2.85152 164.847 281604
5.54054 2.85152 164.847 281604
5.55055 2.85152 164.847 281604
5.56056 2.85151 164.847 281604
5.57057 2.85151 164.847 281604
5.58058 2.85151 164.847 281604
5.59059 2.8515 164.847 281604
5.6006 2.8515 164.847 281604
5.61061 2.8515 164.847 281604
5.62062 2.8515 164.847 281604
5.63063 2.85149 164.847 281604
5.64064 2.85149 164.847 281604
5.65065 2.85149 164.847 281604
5.66066 2.85148 164.847 281604
5.67067 2.85147 164.847 281604
5.68068 2.85147 164.847 281604
5.69069 2.85147 164.847 281604
5.7007 2.85146 164.847 281604
5.71071 2.85146 164.847 281604
5.72072 2.85145 164.847 281604
5.73073 2.85144 164.847 281604
5.74074 2.85143 164.847 281604
5.75075 2.85142 164.848 281604
5.76076 2.85142 164.848 281604
5.77077 2.85141 164.847 281604
5.78078 2.8514 164.847 281604
5.79079 2.85139 164.847 281605
5.8008 2.85138 164.847 281605
5.81081 2.85137 164.847 281604
5.82082 2.85135 164.848 281604
5.83083 2.85134 164.848 281604
5.84084 2.85132 164.848 281604
5.85085 2.85131 164.847 281604
5.86086 2.8513 164.847 281604
5.87087 2.85128 164.847 281605
5.88088 2.85126 164.847 281604
5.89089 2.85123 164.847 281604
5.9009 2.85121 164.848 281604
5.91091 2.85118 164.848 281604
5.92092 2.85115 164.848 281604
5.93093 2.85111 164.847 281604
5.94094 2.85107 164.847 281605
5.95095 2.85102 164.847 281605
5.96096 2.85095 164.847 281604
5.97097 2.85087 164.848 281604
5.98098 2.85076 164.848 281603
5.99099 2.85063 164.848 281603
6.001 2.85044 164.847 281604
6.01101 2.85017 164.847 281604
6.02102 2.84975 164.847 281604
6.03103 2.84911 164.847 281604
6.04104 2.84811 164.847 281604
6.05105 2.84654 164.848 281603
6.06106 2.84407 164.848 281603
6.07107 2.84023 164.847 281604
6.08108 2.83434 164.847 281604
6.09109 2.82546 164.847 281604
6.1011 2.81234 164.847 281604
6.11111 2.79342 164.847 281604
6.12112 2.76685 164.848 281603
6.13113 2.73058 164.848 281603
6.14114 2.68267 164.847 281603
6.15115 2.62174 164.847 281604
6.16116 2.548 164.847 281604
6.17117 2.4659 164.845 281602
6.18118 2.38915 164.853 281612
6.19119 2.33516 164.855 281613
6.2012 2.30548 164.825 281579
6.21121 2.29107 164.83 281584
6.22122 2.28445 164.855 281612
6.23123 2.28144 164.866 281625
6.24124 2.28005 164.862 281620
6.25125 2.27941 164.845 281602
6.26126 2.27916 164.838 281593
6.27127 2.2791 164.838 281593
6.28128 2.2791 164.84 281595
6.29129 2.27914 164.844 281601
6.3013 2.27924 164.851 281608
6.31131 2.27936 164.854 281611
6.32132 2.27949 164.853 281610
6.33133 2.27964 164.851 281608
6.34134 2.27975 164.846 281602
6.35135 2.2798 164.843 281599
6.36136 2.27984 164.843 281599
6.37137 2.27986 164.844 281600
6.38138 2.2799 164.848 281604
6.39139 2.27992 164.85 281606
6.4014 2.27993 164.85 281606
6.41141 2.27993 164.849 281606
6.42142 2.27993 164.848 281604
6.43143 2.27993 164.846 281602
6.44144 2.27993 164.846 281602
6.45145 2.27993 164.846 281602
6.46146 2.27994 164.846 281603
6.47147 2.27995 164.848 281604
6.48148 2.27995 164.848 281605
6.49149 2.27996 164.848 281605
6.5015 2.27996 164.848 281604
6.51151 2.27995 164.847 281604
6.52152 2.27995 164.847 281603
6.53153 2.27995 164.847 281603
6.54154 2.27995 164.847 281603
6.55155 2.27996 164.847 281603
6.56156 2.27996 164.848 281604
6.57157 2.27996 164.848 281604
6.58158 2.27996 164.848 281604
6.59159 2.27996 164.847 281604
6.6016 2.27996 164.847 281603
6.61161 2.27996 164.847 281603
6.62162 2.27996 164.847 281603
6.63163 2.27996 164.847 281603
6.64164 2.27996 164.847 281604
6.65165 2.27997 164.847 281604
6.66166 2.27997 164.847 281604
6.67167 2.27997 164.847 281604
6.68168 2.27997 164.847 281604
6.69169 2.27997 164.847 281603
6.7017 2.27997 164.847 281603
6.71171 2.27997 164.847 281603
6.72172 2.27997 164.847 281604
6.73173 2.27997 164.847 281604
6.74174 2.27997 164.847 281604
6.75175 2.27997 164.847 281604
6.76176 2.27997 164.847 281604
6.77177 2.27997 164.847 281604
6.78178 2.27997 164.847 281604
6.79179 2.27996 164.847 281604
6.8018 2.27996 164.847 281604
6.81181 2.27996 164.847 281604
6.82182 2.27996 164.847 281604
6.83183 2.27996 164.847 281604
6.84184 2.27996 164.847 281604
6.85185 2.27996 164.847 281604
6.86186 2.27996 164.847 281604
6.87187 2.27996 164.847 281604
6.88188 2.27996 164.847 281604
6.89189 2.27996 164.847 281604
6.9019 2.27996 164.847 281604
6.91191 2.27996 164.847 281604
6.92192 2.27996 164.847 281604
6.93193 2.27996 164.847 281604
6.94194 2.27996 164.847 281604
6.95195 2.27996 164.847 281604
6.96196 2.27996 164.847 281604
6.97197 2.27996 164.847 281604
6.98198 2.27996 164.847 281604
6.99199 2.27996 164.847 281604
7.002 2.27996 164.847 281604
7.01201 2.27996 164.847 281604
7.02202 2.27996 164.847 281604
7.03203 2.27996 164.847 281604
7.04204 2.27996 164.847 281604
7.05205 2.27996 164.847 281604
7.06206 2.27996 164.847 281604
7.07207 2.27996 164.847 281604
7.08208 2.27996 164.847 281604
7.09209 2.27996 164.847 281604
7.1021 2.27996 164.847 281604
7.11211 2.27996 164.847 281604
7.12212 2.27996 164.847 281604
7.13213 2.27996 164.847 281603
7.14214 2.27996 164.847 281603
7.15215 2.27996 164.847 281603
7.16216 2.27996 164.847 281603
7.17217 2.27996 164.847 281603
7.18218 2.27996 164.847 281603
7.19219 2.27996 164.847 281603
7.2022 2.27996 164.847 281603
7.21221 2.27996 164.847 281603
7.22222 2.27996 164.847 281603
7.23223 2.27996 164.847 281603
7.24224 2.27996 164.847 281603
7.25225 2.27996 164.847 281603
7.26226 2.27996 164.847 281603
7.27227 2.27996 164.847 281603
7.28228 2.27996 164.847 281603
7.29229 2.27996 164.847 281603
7.3023 2.27996 164.847 281603
7.31231 2.27996 164.847 281603
7.32232 2.27996 164.847 281603
7.33233 2.27996 164.847 281603
7.34234 2.27996 164.847 281603
7.35235 2.27996 164.847 281603
7.36236 2.27996 164.847 281603
7.37237 2.27996 164.847 281603
7.38238 2.27996 164.847 281603
7.39239 2.27996 164.847 281603
7.4024 2.27996 164.847 281603
7.41241 2.27996 164.847 281603
7.42242 2.27996 164.847 281603
7.43243 2.27996 164.847 281603
7.44244 2.27996 164.847 281603
7.45245 2.27996 164.847 281603
7.46246 2.27996 164.847 281603
7.47247 2.27996 164.847 281603
7.48248 2.27996 164.847 281603
7.49249 2.27996 164.847 281603
7.5025 2.27996 164.847 281603
7.51251 2.27996 164.847 281603
7.52252 2.27996 164.847 281603
7.53253 2.27996 164.847 281603
7.54254 2.27996 164.847 281603
7.55255 2.27996 164.847 281603
7.56256 2.27996 164.847 281603
7.57257 2.27996 164.847 281603
7.58258 2.27995 164.847 281603
7.59259 2.27995 164.847 281603
7.6026 2.27995 164.847 281603
7.61261 2.27995 164.847 281603
7.62262 2.27995 164.847 281603
7.63263 2.27995 164.847 281603
7.64264 2.27995 164.847 281603
7.65265 2.27995 164.847 281603
7.66266 2.27995 164.847 281603
7.67267 2.27995 164.847 281603
7.68268 2.27995 164.847 281603
7.69269 2.27995 164.847 281603
7.7027 2.27995 164.847 281603
7.71271 2.27995 164.847 281603
7.72272 2.27995 164.847 281603
7.73273 2.27995 164.847 281603
7.74274 2.27995 164.847 281603
7.75275 2.27995 164.847 281603
7.76276 2.27995 164.847 281603
7.77277 2.27995 164.847 281603
7.78278 2.27995 164.847 281603
7.79279 2.27995 164.847 281603
7.8028 2.27995 164.847 281603
7.81281 2.27995 164.847 281603
7.82282 2.27995 164.847 281603
7.83283 2.27996 164.847 281603
7.84284 2.27996 164.847 281603
7.85285 2.27996 164.847 281603
7.86286 2.27996 164.847 281603
7.87287 2.27996 164.847 281603
7.88288 2.27996 164.847 281603
7.89289 2.27996 164.847 281603
7.9029 2.27996 164.847 281603
7.91291 2.27995 164.847 281603
7.92292 2.27995 164.846 281602
7.93293 2.27993 164.843 281599
7.94294 2.27988 164.836 281591
7.95295 2.27974 164.813 281565
7.96296 2.27931 164.747 281491
7.97297 2.27804 164.551 281272
7.98298 2.27432 163.977 280629
7.99299 2.26342 162.288 278746
8.003 2.23172 157.332 273285
8.01301 2.14187 142.917 257921
8.02302 1.90881 103.161 219077
8.03303 1.56966 36.0384 165391
8.04304 1.43957 7.11338 146033
8.05305 1.4139 1.32972 142373
8.06306 1.40908 0.24327 141692
8.07307 1.4082 0.0443725 141568
8.08308 1.40804 0.00808818 141545
8.09309 1.40801 0.0014742 141541
8.1031 1.408 0.000268849 141540
8.11311 1.408 4.94602e-05 141540
8.12312 1.408 1.00168e-05 141540
8.13313 1.408 2.94253e-06 141540
8.14314 1.408 1.11886e-06 141540
8.15315 1.408 4.34205e-07 141540
8.16316 1.408 1.69088e-07 141540
8.17317 1.408 6.64433e-08 141540
8.18318 1.408 2.73281e-08 141540
8.19319 1.408 1.28262e-08 141540
8.2032 1.408 6.76137e-09 141540
8.21321 1.408 3.69118e-09 141540
8.22322 1.408 2.0315e-09 141540
8.23323 1.408 1.12058e-09 141540
8.24324 1.408 6.18522e-10 141540
8.25325 1.408 3.41505e-10 141540
8.26326 1.408 1.88576e-10 141540
8.27327 1.408 1.04128e-10 141540
8.28328 1.408 5.75066e-11 141540
8.29329 1.408 3.17717e-11 141540
8.3033 1.408 1.75706e-11 141540
8.31331 1.408 9.73347e-12 141540
8.32332 1.408 5.41171e-12 141540
8.33333 1.408 3.01164e-12 141540
8.34334 1.408 1.68249e-12 141540
8.35335 1.408 9.60389e-13 141540
8.36336 1.408 5.50863e-13 141540
8.37337 1.408 3.37042e-13 141540
8.38338 1.408 2.09291e-13 141540
8.39339 1.408 1.21408e-13 141540
8.4034 1.408 7.4294e-14 141540
8.41341 1.408 3.44308e-14 141540
8.42342 1.408 9.06838e-16 141540
8.43343 1.408 0 141540
8.44344 1.408 0 141540
8.45345 1.408 0 141540
8.46346 1.408 0 141540
8.47347 1.408 0 141540
8.48348 1.408 0 141540
8.49349 1.408 0 141540
8.5035 1.408 0 141540
8.51351 1.408 0 141540
8.52352 1.408 0 141540
8.53353 1.408 0 141540
8.54354 1.408 0 141540
8.55355 1.408 0 141540
8.56356 1.408 0 141540
8.57357 1.408 0 141540
8.58358 1.408 0 141540
8.59359 1.408 0 141540
8.6036 1.408 0 141540
8.61361 1.408 0 141540
8.62362 1.408 0 141540
8.63363 1.408 0 141540
8.64364 1.408 0 141540
8.65365 1.408 0 141540
8.66366 1.408 0 141540
8.67367 1.408 0 141540
8.68368 1.408 0 141540
8.69369 1.408 0 141540
8.7037 1.408 0 141540
8.71371 1.408 0 141540
8.72372 1.408 0 141540
8.73373 1.408 0 141540
8.74374 1.408 0 141540
8.75375 1.408 0 141540
8.76376 1.408 0 141540
8.77377 1.408 0 141540
8.78378 1.408 0 141540
8.79379 1.408 0 141540
8.8038 1.408 0 141540
8.81381 1.408 0 141540
8.82382 1.408 0 141540
8.83383 1.408 0 141540
8.84384 1.408 0 141540
8.85385 1.408 0 141540
8.86386 1.408 0 141540
8.87387 1.408 0 141540
8.88388 1.408 0 141540
8.89389 1.408 0 141540
8.9039 1.408 0 141540
8.91391 1.408 0 141540
8.92392 1.408 0 141540
8.93393 1.408 0 141540
8.94394 1.408 0 141540
8.95395 1.408 0 141540
8.96396 1.408 0 141540
8.97397 1.408 0 141540
8.98398 1.408 0 141540
8.99399 1.408 0 141540
9.004 1.408 0 141540
9.01401 1.408 0 141540
9.02402 1.408 0 141540
9.03403 1.408 0 141540
9.04404 1.408 0 141540
9.05405 1.408 0 141540
9.06406 1.408 0 141540
9.07407 1.408 0 141540
9.08408 1.408 0 141540
9.09409 1.408 0 141540
9.1041 1.408 0 141540
9.11411 1.408 0 141540
9.12412 1.408 0 141540
9.13413 1.408 0 141540
9.14414 1.408 0 141540
9.15415 1.408 0 141540
9.16416 1.408 0 141540
9.17417 1.408 0 141540
9.18418 1.408 0 141540
9.19419 1.408 0 141540
9.2042 1.408 0 141540
9.21421 1.408 0 141540
9.22422 1.408 0 141540
9.23423 1.408 0 141540
9.24424 1.408 0 141540
9.25425 1.408 0 141540
9.26426 1.408 0 141540
9.27427 1.408 0 141540
9.28428 1.408 0 141540
9.29429 1.408 0 141540
9.3043 1.408 0 141540
9.31431 1.408 0 141540
9.32432 1.408 0 141540
9.33433 1.408 0 141540
9.34434 1.408 0 141540
9.35435 1.408 0 141540
9.36436 1.408 0 141540
9.37437 1.408 0 141540
9.38438 1.408 0 141540
9.39439 1.408 0 141540
9.4044 1.408 0 141540
9.41441 1.408 0 141540
9.42442 1.408 0 141540
9.43443 1.408 0 141540
9.44444 1.408 0 141540
9.45445 1.408 0 141540
9.46446 1.408 0 141540
9.47447 1.408 0 141540
9.48448 1.408 0 141540
9.49449 1.408 0 141540
9.5045 1.408 0 141540
9.51451 1.408 0 141540
9.52452 1.408 0 141540
9.53453 1.408 0 141540
9.54454 1.408 0 141540
9.55455 1.408 0 141540
9.56456 1.408 0 141540
9.57457 1.408 0 141540
9.58458 1.408 0 141540
9.59459 1.408 0 141540
9.6046 1.408 0 141540
9.61461 1.408 0 141540
9.62462 1.408 0 141540
9.63463 1.408 0 141540
9.64464 1.408 0 141540
9.65465 1.408 0 141540
9.66466 1.408 0 141540
9.67467 1.408 0 141540
9.68468 1.408 0 141540
9.69469 1.408 0 141540
9.7047 1.408 0 141540
9.71471 1.408 0 141540
9.72472 1.408 0 141540
9.73473 1.408 0 141540
9.74474 1.408 0 141540
9.75475 1.408 0 141540
9.76476 1.408 0 141540
9.77477 1.408 0 141540
9.78478 1.408 0 141540
9.79479 1.408 0 141540
9.8048 1.408 0 141540
9.81481 1.408 0 141540
9.82482 1.408 0 141540
9.83483 1.408 0 141540
9.84484 1.408 0 141540
9.85485 1.408 0 141540
9.86486 1.408 0 141540
9.87487 1.408 0 141540
9.88488 1.408 0 141540
9.89489 1.408 0 141540
9.9049 1.408 -1.35899e-14 141540
9.91491 1.408 -4.07693e-14 141540
9.92492 1.408 -7.24779e-14 141540
9.93493 1.408 -9.96558e-14 141540
9.94494 1.408 -1.26831e-13 141540
9.95495 1.408 -1.54909e-13 141540
9.96496 1.408 -1.89314e-13 141540
9.97497 1.408 -2.13738e-13 141540
9.98498 1.408 -2.48091e-13 141540
9.99499 1.408 -2.69178e-13 141540
