# x Y
0 17.4101 8.66258 0 
1.25 17.6274 8.62888 0 
2.5 17.8003 8.60176 0 
3.75 17.9414 8.57943 0 
5 18.059 8.56069 0 
6.25 18.1585 8.54474 0 
7.5 18.2439 8.53097 0 
8.75 18.3181 8.51896 0 
10 18.3831 8.5084 0 
11.25 18.4406 8.49902 0 
12.5 18.4919 8.49064 0 
13.75 18.5378 8.48311 0 
15 18.5793 8.4763 0 
16.25 18.6169 8.47011 0 
17.5 18.6512 8.46445 0 
18.75 18.6825 8.45927 0 
20 18.7113 8.4545 0 
21.25 18.7379 8.4501 0 
22.5 18.7624 8.44603 0 
23.75 18.7852 8.44224 0 
25 18.8064 8.43871 0 
26.25 18.8262 8.43541 0 
27.5 18.8447 8.43233 0 
28.75 18.862 8.42944 0 
30 18.8783 8.42672 0 
31.25 18.8936 8.42416 0 
32.5 18.908 8.42175 0 
33.75 18.9216 8.41946 0 
35 18.9345 8.4173 0 
36.25 18.9467 8.41526 0 
37.5 18.9583 8.41331 0 
38.75 18.9693 8.41147 0 
40 18.9798 8.40971 0 
41.25 18.9897 8.40804 0 
42.5 18.9992 8.40644 0 
43.75 19.0083 8.40491 0 
45 19.017 8.40345 0 
46.25 19.0253 8.40206 0 
47.5 19.0332 8.40072 0 
48.75 19.0408 8.39944 0 
50 19.0481 8.39821 0 
51.25 19.0551 8.39703 0 
52.5 19.0618 8.39589 0 
53.75 19.0683 8.3948 0 
55 19.0745 8.39375 0 
56.25 19.0805 8.39274 0 
57.5 19.0863 8.39176 0 
58.75 19.0918 8.39082 0 
60 19.0972 8.38991 0 
61.25 19.1024 8.38904 0 
62.5 19.1074 8.38819 0 
63.75 19.1123 8.38737 0 
65 19.117 8.38657 0 
66.25 19.1215 8.38581 0 
67.5 19.1259 8.38506 0 
68.75 19.1301 8.38434 0 
70 19.1343 8.38364 0 
71.25 19.1383 8.38297 0 
72.5 19.1421 8.38231 0 
73.75 19.1459 8.38167 0 
75 19.1496 8.38105 0 
76.25 19.1531 8.38045 0 
77.5 19.1566 8.37987 0 
78.75 19.1599 8.3793 0 
80 19.1632 8.37874 0 
81.25 19.1663 8.3782 0 
82.5 19.1694 8.37768 0 
83.75 19.1724 8.37717 0 
85 19.1754 8.37667 0 
86.25 19.1782 8.37619 0 
87.5 19.181 8.37572 0 
88.75 19.1837 8.37526 0 
90 19.1863 8.37481 0 
91.25 19.1889 8.37437 0 
92.5 19.1914 8.37394 0 
93.75 19.1939 8.37353 0 
95 19.1963 8.37312 0 
96.25 19.1986 8.37272 0 
97.5 19.2009 8.37233 0 
98.75 19.2032 8.37195 0 
100 19.2053 8.37158 0 
101.25 19.2075 8.37122 0 
102.5 19.2096 8.37086 0 
103.75 19.2116 8.37052 0 
105 19.2136 8.37018 0 
106.25 19.2155 8.36984 0 
107.5 19.2175 8.36952 0 
108.75 19.2193 8.3692 0 
110 19.2212 8.36889 0 
111.25 19.223 8.36858 0 
112.5 19.2247 8.36828 0 
113.75 19.2264 8.36799 0 
115 19.2281 8.3677 0 
116.25 19.2298 8.36742 0 
117.5 19.2314 8.36714 0 
118.75 19.233 8.36687 0 
120 19.2346 8.36661 0 
121.25 19.2361 8.36635 0 
122.5 19.2376 8.36609 0 
123.75 19.2391 8.36584 0 
125 19.2405 8.36559 0 
126.25 19.2419 8.36535 0 
127.5 19.2433 8.36512 0 
128.75 19.2447 8.36488 0 
130 19.246 8.36465 0 
131.25 19.2473 8.36443 0 
132.5 19.2486 8.36421 0 
133.75 19.2499 8.36399 0 
135 19.2512 8.36378 0 
136.25 19.2524 8.36357 0 
137.5 19.2536 8.36336 0 
138.75 19.2548 8.36316 0 
140 19.2559 8.36296 0 
141.25 19.2571 8.36277 0 
142.5 19.2582 8.36258 0 
143.75 19.2593 8.36239 0 
145 19.2604 8.3622 0 
146.25 19.2615 8.36202 0 
147.5 19.2626 8.36184 0 
148.75 19.2636 8.36166 0 
150 19.2646 8.36149 0 
151.25 19.2656 8.36131 0 
152.5 19.2666 8.36114 0 
153.75 19.2676 8.36098 0 
155 19.2685 8.36081 0 
156.25 19.2695 8.36065 0 
157.5 19.2704 8.36049 0 
158.75 19.2713 8.36034 0 
160 19.2722 8.36018 0 
161.25 19.2731 8.36003 0 
162.5 19.274 8.35988 0 
163.75 19.2749 8.35974 0 
165 19.2757 8.35959 0 
166.25 19.2766 8.35945 0 
167.5 19.2774 8.35931 0 
168.75 19.2782 8.35917 0 
170 19.279 8.35903 0 
171.25 19.2798 8.3589 0 
172.5 19.2806 8.35876 0 
173.75 19.2813 8.35863 0 
175 19.2821 8.3585 0 
176.25 19.2828 8.35838 0 
177.5 19.2836 8.35825 0 
178.75 19.2843 8.35813 0 
180 19.285 8.358 0 
181.25 19.2857 8.35788 0 
182.5 19.2864 8.35776 0 
183.75 19.2871 8.35765 0 
185 19.2878 8.35753 0 
186.25 19.2885 8.35742 0 
187.5 19.2891 8.3573 0 
188.75 19.2898 8.35719 0 
190 19.2904 8.35708 0 
191.25 19.2911 8.35697 0 
192.5 19.2917 8.35687 0 
193.75 19.2923 8.35676 0 
195 19.2929 8.35665 0 
196.25 19.2935 8.35655 0 
197.5 19.2941 8.35645 0 
198.75 19.2947 8.35635 0 
200 19.2953 8.35625 0 
201.25 19.2959 8.35615 0 
202.5 19.2964 8.35605 0 
203.75 19.297 8.35596 0 
205 19.2975 8.35586 0 
206.25 19.2981 8.35577 0 
207.5 19.2986 8.35568 0 
208.75 19.2992 8.35559 0 
210 19.2997 8.3555 0 
211.25 19.3002 8.35541 0 
212.5 19.3007 8.35532 0 
213.75 19.3012 8.35523 0 
215 19.3017 8.35515 0 
216.25 19.3022 8.35506 0 
217.5 19.3027 8.35498 0 
218.75 19.3032 8.3549 0 
220 19.3037 8.35481 0 
221.25 19.3042 8.35473 0 
222.5 19.3046 8.35465 0 
223.75 19.3051 8.35457 0 
225 19.3055 8.3545 0 
226.25 19.306 8.35442 0 
227.5 19.3064 8.35434 0 
228.75 19.3069 8.35427 0 
230 19.3073 8.35419 0 
231.25 19.3078 8.35412 0 
232.5 19.3082 8.35404 0 
233.75 19.3086 8.35397 0 
235 19.309 8.3539 0 
236.25 19.3094 8.35383 0 
237.5 19.3099 8.35376 0 
238.75 19.3103 8.35369 0 
240 19.3107 8.35362 0 
241.25 19.3111 8.35355 0 
242.5 19.3114 8.35349 0 
243.75 19.3118 8.35342 0 
245 19.3122 8.35335 0 
246.25 19.3126 8.35329 0 
247.5 19.313 8.35323 0 
248.75 19.3134 8.35316 0 
250 19.3137 8.3531 0 
251.25 19.3141 8.35304 0 
252.5 19.3144 8.35297 0 
253.75 19.3148 8.35291 0 
255 19.3152 8.35285 0 
256.25 19.3155 8.35279 0 
257.5 19.3158 8.35273 0 
258.75 19.3162 8.35268 0 
260 19.3165 8.35262 0 
261.25 19.3169 8.35256 0 
262.5 19.3172 8.3525 0 
263.75 19.3175 8.35245 0 
265 19.3179 8.35239 0 
266.25 19.3182 8.35234 0 
267.5 19.3185 8.35228 0 
268.75 19.3188 8.35223 0 
270 19.3191 8.35217 0 
271.25 19.3194 8.35212 0 
272.5 19.3197 8.35207 0 
273.75 19.32 8.35202 0 
275 19.3203 8.35196 0 
276.25 19.3206 8.35191 0 
277.5 19.3209 8.35186 0 
278.75 19.3212 8.35181 0 
280 19.3215 8.35176 0 
281.25 19.3218 8.35171 0 
282.5 19.3221 8.35167 0 
283.75 19.3224 8.35162 0 
285 19.3227 8.35157 0 
286.25 19.3229 8.35152 0 
287.5 19.3232 8.35148 0 
288.75 19.3235 8.35143 0 
290 19.3237 8.35138 0 
291.25 19.324 8.35134 0 
292.5 19.3243 8.35129 0 
293.75 19.3245 8.35125 0 
295 19.3248 8.3512 0 
296.25 19.3251 8.35116 0 
297.5 19.3253 8.35112 0 
298.75 19.3256 8.35107 0 
300 19.3258 8.35103 0 
301.25 19.3261 8.35099 0 
302.5 19.3263 8.35095 0 
303.75 19.3265 8.3509 0 
305 19.3268 8.35086 0 
306.25 19.327 8.35082 0 
307.5 19.3273 8.35078 0 
308.75 19.3275 8.35074 0 
310 19.3277 8.3507 0 
311.25 19.328 8.35066 0 
312.5 19.3282 8.35062 0 
313.75 19.3284 8.35059 0 
315 19.3286 8.35055 0 
316.25 19.3289 8.35051 0 
317.5 19.3291 8.35047 0 
318.75 19.3293 8.35043 0 
320 19.3295 8.3504 0 
321.25 19.3297 8.35036 0 
322.5 19.3299 8.35032 0 
323.75 19.3302 8.35029 0 
325 19.3304 8.35025 0 
326.25 19.3306 8.35022 0 
327.5 19.3308 8.35018 0 
328.75 19.331 8.35015 0 
330 19.3312 8.35011 0 
331.25 19.3314 8.35008 0 
332.5 19.3316 8.35004 0 
333.75 19.3318 8.35001 0 
335 19.332 8.34998 0 
336.25 19.3322 8.34994 0 
337.5 19.3324 8.34991 0 
338.75 19.3325 8.34988 0 
340 19.3327 8.34984 0 
341.25 19.3329 8.34981 0 
342.5 19.3331 8.34978 0 
343.75 19.3333 8.34975 0 
345 19.3335 8.34972 0 
346.25 19.3337 8.34969 0 
347.5 19.3338 8.34966 0 
348.75 19.334 8.34963 0 
350 19.3342 8.3496 0 
351.25 19.3344 8.34957 0 
352.5 19.3345 8.34954 0 
353.75 19.3347 8.34951 0 
355 19.3349 8.34948 0 
356.25 19.3351 8.34945 0 
357.5 19.3352 8.34942 0 
358.75 19.3354 8.34939 0 
360 19.3356 8.34936 0 
361.25 19.3357 8.34933 0 
362.5 19.3359 8.34931 0 
363.75 19.3361 8.34928 0 
365 19.3362 8.34925 0 
366.25 19.3364 8.34922 0 
367.5 19.3365 8.3492 0 
368.75 19.3367 8.34917 0 
370 19.3368 8.34914 0 
371.25 19.337 8.34912 0 
372.5 19.3371 8.34909 0 
373.75 19.3373 8.34906 0 
375 19.3375 8.34904 0 
376.25 19.3376 8.34901 0 
377.5 19.3378 8.34899 0 
378.75 19.3379 8.34896 0 
380 19.338 8.34894 0 
381.25 19.3382 8.34891 0 
382.5 19.3383 8.34889 0 
383.75 19.3385 8.34886 0 
385 19.3386 8.34884 0 
386.25 19.3388 8.34881 0 
387.5 19.3389 8.34879 0 
388.75 19.339 8.34877 0 
390 19.3392 8.34874 0 
391.25 19.3393 8.34872 0 
392.5 19.3394 8.3487 0 
393.75 19.3396 8.34867 0 
395 19.3397 8.34865 0 
396.25 19.3398 8.34863 0 
397.5 19.34 8.34861 0 
398.75 19.3401 8.34858 0 
400 19.3402 8.34856 0 
401.25 19.3404 8.34854 0 
402.5 19.3405 8.34852 0 
403.75 19.3406 8.34849 0 
405 19.3407 8.34847 0 
406.25 19.3409 8.34845 0 
407.5 19.341 8.34843 0 
408.75 19.3411 8.34841 0 
410 19.3412 8.34839 0 
411.25 19.3414 8.34837 0 
412.5 19.3415 8.34835 0 
413.75 19.3416 8.34833 0 
415 19.3417 8.34831 0 
416.25 19.3418 8.34829 0 
417.5 19.342 8.34827 0 
418.75 19.3421 8.34825 0 
420 19.3422 8.34823 0 
421.25 19.3423 8.34821 0 
422.5 19.3424 8.34819 0 
423.75 19.3425 8.34817 0 
425 19.3426 8.34815 0 
426.25 19.3428 8.34813 0 
427.5 19.3429 8.34811 0 
428.75 19.343 8.34809 0 
430 19.3431 8.34807 0 
431.25 19.3432 8.34806 0 
432.5 19.3433 8.34804 0 
433.75 19.3434 8.34802 0 
435 19.3435 8.348 0 
436.25 19.3436 8.34798 0 
437.5 19.3437 8.34797 0 
438.75 19.3438 8.34795 0 
440 19.3439 8.34793 0 
441.25 19.344 8.34791 0 
442.5 19.3441 8.34789 0 
443.75 19.3442 8.34788 0 
445 19.3443 8.34786 0 
446.25 19.3444 8.34784 0 
447.5 19.3445 8.34783 0 
448.75 19.3446 8.34781 0 
450 19.3447 8.34779 0 
451.25 19.3448 8.34778 0 
452.5 19.3449 8.34776 0 
453.75 19.345 8.34774 0 
455 19.3451 8.34773 0 
456.25 19.3452 8.34771 0 
457.5 19.3453 8.3477 0 
458.75 19.3454 8.34768 0 
460 19.3455 8.34766 0 
461.25 19.3456 8.34765 0 
462.5 19.3457 8.34763 0 
463.75 19.3457 8.34762 0 
465 19.3458 8.3476 0 
466.25 19.3459 8.34759 0 
467.5 19.346 8.34757 0 
468.75 19.3461 8.34756 0 
470 19.3462 8.34754 0 
471.25 19.3463 8.34753 0 
472.5 19.3464 8.34751 0 
473.75 19.3464 8.3475 0 
475 19.3465 8.34748 0 
476.25 19.3466 8.34747 0 
477.5 19.3467 8.34746 0 
478.75 19.3468 8.34744 0 
480 19.3469 8.34743 0 
481.25 19.3469 8.34741 0 
482.5 19.347 8.3474 0 
483.75 19.3471 8.34738 0 
485 19.3472 8.34737 0 
486.25 19.3473 8.34736 0 
487.5 19.3473 8.34734 0 
488.75 19.3474 8.34733 0 
490 19.3475 8.34732 0 
491.25 19.3476 8.3473 0 
492.5 19.3477 8.34729 0 
493.75 19.3477 8.34728 0 
495 19.3478 8.34726 0 
496.25 19.3479 8.34725 0 
497.5 19.348 8.34724 0 
498.75 19.348 8.34723 0 
500 19.3481 8.34721 0 
501.25 19.3482 8.3472 0 
502.5 19.3483 8.34719 0 
503.75 19.3483 8.34718 0 
505 19.3484 8.34716 0 
506.25 19.3485 8.34715 0 
507.5 19.3485 8.34714 0 
508.75 19.3486 8.34713 0 
510 19.3487 8.34711 0 
511.25 19.3488 8.3471 0 
512.5 19.3488 8.34709 0 
513.75 19.3489 8.34708 0 
515 19.349 8.34707 0 
516.25 19.349 8.34706 0 
517.5 19.3491 8.34704 0 
518.75 19.3492 8.34703 0 
520 19.3492 8.34702 0 
521.25 19.3493 8.34701 0 
522.5 19.3494 8.347 0 
523.75 19.3494 8.34699 0 
525 19.3495 8.34698 0 
526.25 19.3496 8.34697 0 
527.5 19.3496 8.34695 0 
528.75 19.3497 8.34694 0 
530 19.3497 8.34693 0 
531.25 19.3498 8.34692 0 
532.5 19.3499 8.34691 0 
533.75 19.3499 8.3469 0 
535 19.35 8.34689 0 
536.25 19.3501 8.34688 0 
537.5 19.3501 8.34687 0 
538.75 19.3502 8.34686 0 
540 19.3502 8.34685 0 
541.25 19.3503 8.34684 0 
542.5 19.3504 8.34683 0 
543.75 19.3504 8.34682 0 
545 19.3505 8.34681 0 
546.25 19.3505 8.3468 0 
547.5 19.3506 8.34679 0 
548.75 19.3506 8.34678 0 
550 19.3507 8.34677 0 
551.25 19.3508 8.34676 0 
552.5 19.3508 8.34675 0 
553.75 19.3509 8.34674 0 
555 19.3509 8.34673 0 
556.25 19.351 8.34672 0 
557.5 19.351 8.34671 0 
558.75 19.3511 8.3467 0 
560 19.3512 8.34669 0 
561.25 19.3512 8.34668 0 
562.5 19.3513 8.34667 0 
563.75 19.3513 8.34666 0 
565 19.3514 8.34665 0 
566.25 19.3514 8.34665 0 
567.5 19.3515 8.34664 0 
568.75 19.3515 8.34663 0 
570 19.3516 8.34662 0 
571.25 19.3516 8.34661 0 
572.5 19.3517 8.3466 0 
573.75 19.3517 8.34659 0 
575 19.3518 8.34658 0 
576.25 19.3518 8.34658 0 
577.5 19.3519 8.34657 0 
578.75 19.3519 8.34656 0 
580 19.352 8.34655 0 
581.25 19.352 8.34654 0 
582.5 19.3521 8.34653 0 
583.75 19.3521 8.34652 0 
585 19.3522 8.34652 0 
586.25 19.3522 8.34651 0 
587.5 19.3523 8.3465 0 
588.75 19.3523 8.34649 0 
590 19.3524 8.34648 0 
591.25 19.3524 8.34648 0 
592.5 19.3525 8.34647 0 
593.75 19.3525 8.34646 0 
595 19.3525 8.34645 0 
596.25 19.3526 8.34644 0 
597.5 19.3526 8.34644 0 
598.75 19.3527 8.34643 0 
600 19.3527 8.34642 0 
601.25 19.3528 8.34641 0 
602.5 19.3528 8.34641 0 
603.75 19.3529 8.3464 0 
605 19.3529 8.34639 0 
606.25 19.3529 8.34638 0 
607.5 19.353 8.34638 0 
608.75 19.353 8.34637 0 
610 19.3531 8.34636 0 
611.25 19.3531 8.34635 0 
612.5 19.3532 8.34635 0 
613.75 19.3532 8.34634 0 
615 19.3532 8.34633 0 
616.25 19.3533 8.34633 0 
617.5 19.3533 8.34632 0 
618.75 19.3534 8.34631 0 
620 19.3534 8.3463 0 
621.25 19.3534 8.3463 0 
622.5 19.3535 8.34629 0 
623.75 19.3535 8.34628 0 
625 19.3536 8.34628 0 
626.25 19.3536 8.34627 0 
627.5 19.3536 8.34626 0 
628.75 19.3537 8.34626 0 
630 19.3537 8.34625 0 
631.25 19.3538 8.34624 0 
632.5 19.3538 8.34624 0 
633.75 19.3538 8.34623 0 
635 19.3539 8.34622 0 
636.25 19.3539 8.34622 0 
637.5 19.354 8.34621 0 
638.75 19.354 8.34621 0 
640 19.354 8.3462 0 
641.25 19.3541 8.34619 0 
642.5 19.3541 8.34619 0 
643.75 19.3541 8.34618 0 
645 19.3542 8.34617 0 
646.25 19.3542 8.34617 0 
647.5 19.3542 8.34616 0 
648.75 19.3543 8.34616 0 
650 19.3543 8.34615 0 
651.25 19.3543 8.34614 0 
652.5 19.3544 8.34614 0 
653.75 19.3544 8.34613 0 
655 19.3545 8.34613 0 
656.25 19.3545 8.34612 0 
657.5 19.3545 8.34611 0 
658.75 19.3546 8.34611 0 
660 19.3546 8.3461 0 
661.25 19.3546 8.3461 0 
662.5 19.3547 8.34609 0 
663.75 19.3547 8.34609 0 
665 19.3547 8.34608 0 
666.25 19.3548 8.34607 0 
667.5 19.3548 8.34607 0 
668.75 19.3548 8.34606 0 
670 19.3548 8.34606 0 
671.25 19.3549 8.34605 0 
672.5 19.3549 8.34605 0 
673.75 19.3549 8.34604 0 
675 19.355 8.34604 0 
676.25 19.355 8.34603 0 
677.5 19.355 8.34603 0 
678.75 19.3551 8.34602 0 
680 19.3551 8.34602 0 
681.25 19.3551 8.34601 0 
682.5 19.3552 8.346 0 
683.75 19.3552 8.346 0 
685 19.3552 8.34599 0 
686.25 19.3552 8.34599 0 
687.5 19.3553 8.34598 0 
688.75 19.3553 8.34598 0 
690 19.3553 8.34597 0 
691.25 19.3554 8.34597 0 
692.5 19.3554 8.34596 0 
693.75 19.3554 8.34596 0 
695 19.3555 8.34595 0 
696.25 19.3555 8.34595 0 
697.5 19.3555 8.34595 0 
698.75 19.3555 8.34594 0 
700 19.3556 8.34594 0 
701.25 19.3556 8.34593 0 
702.5 19.3556 8.34593 0 
703.75 19.3556 8.34592 0 
705 19.3557 8.34592 0 
706.25 19.3557 8.34591 0 
707.5 19.3557 8.34591 0 
708.75 19.3558 8.3459 0 
710 19.3558 8.3459 0 
711.25 19.3558 8.34589 0 
712.5 19.3558 8.34589 0 
713.75 19.3559 8.34588 0 
715 19.3559 8.34588 0 
716.25 19.3559 8.34588 0 
717.5 19.3559 8.34587 0 
718.75 19.356 8.34587 0 
720 19.356 8.34586 0 
721.25 19.356 8.34586 0 
722.5 19.356 8.34585 0 
723.75 19.3561 8.34585 0 
725 19.3561 8.34585 0 
726.25 19.3561 8.34584 0 
727.5 19.3561 8.34584 0 
728.75 19.3562 8.34583 0 
730 19.3562 8.34583 0 
731.25 19.3562 8.34582 0 
732.5 19.3562 8.34582 0 
733.75 19.3563 8.34582 0 
735 19.3563 8.34581 0 
736.25 19.3563 8.34581 0 
737.5 19.3563 8.3458 0 
738.75 19.3564 8.3458 0 
740 19.3564 8.3458 0 
741.25 19.3564 8.34579 0 
742.5 19.3564 8.34579 0 
743.75 19.3564 8.34578 0 
745 19.3565 8.34578 0 
746.25 19.3565 8.34578 0 
747.5 19.3565 8.34577 0 
748.75 19.3565 8.34577 0 
750 19.3566 8.34577 0 
751.25 19.3566 8.34576 0 
752.5 19.3566 8.34576 0 
753.75 19.3566 8.34575 0 
755 19.3566 8.34575 0 
756.25 19.3567 8.34575 0 
757.5 19.3567 8.34574 0 
758.75 19.3567 8.34574 0 
760 19.3567 8.34574 0 
761.25 19.3568 8.34573 0 
762.5 19.3568 8.34573 0 
763.75 19.3568 8.34572 0 
765 19.3568 8.34572 0 
766.25 19.3568 8.34572 0 
767.5 19.3569 8.34571 0 
768.75 19.3569 8.34571 0 
770 19.3569 8.34571 0 
771.25 19.3569 8.3457 0 
772.5 19.3569 8.3457 0 
773.75 19.357 8.3457 0 
775 19.357 8.34569 0 
776.25 19.357 8.34569 0 
777.5 19.357 8.34569 0 
778.75 19.357 8.34568 0 
780 19.3571 8.34568 0 
781.25 19.3571 8.34568 0 
782.5 19.3571 8.34567 0 
783.75 19.3571 8.34567 0 
785 19.3571 8.34567 0 
786.25 19.3571 8.34566 0 
787.5 19.3572 8.34566 0 
788.75 19.3572 8.34566 0 
790 19.3572 8.34565 0 
791.25 19.3572 8.34565 0 
792.5 19.3572 8.34565 0 
793.75 19.3573 8.34564 0 
795 19.3573 8.34564 0 
796.25 19.3573 8.34564 0 
797.5 19.3573 8.34564 0 
798.75 19.3573 8.34563 0 
800 19.3573 8.34563 0 
801.25 19.3574 8.34563 0 
802.5 19.3574 8.34562 0 
803.75 19.3574 8.34562 0 
805 19.3574 8.34562 0 
806.25 19.3574 8.34561 0 
807.5 19.3575 8.34561 0 
808.75 19.3575 8.34561 0 
810 19.3575 8.34561 0 
811.25 19.3575 8.3456 0 
812.5 19.3575 8.3456 0 
813.75 19.3575 8.3456 0 
815 19.3576 8.34559 0 
816.25 19.3576 8.34559 0 
817.5 19.3576 8.34559 0 
818.75 19.3576 8.34559 0 
820 19.3576 8.34558 0 
821.25 19.3576 8.34558 0 
822.5 19.3577 8.34558 0 
823.75 19.3577 8.34557 0 
825 19.3577 8.34557 0 
826.25 19.3577 8.34557 0 
827.5 19.3577 8.34557 0 
828.75 19.3577 8.34556 0 
830 19.3577 8.34556 0 
831.25 19.3578 8.34556 0 
832.5 19.3578 8.34556 0 
833.75 19.3578 8.34555 0 
835 19.3578 8.34555 0 
836.25 19.3578 8.34556 0 
837.5 19.3579 8.34558 0 
838.75 19.3581 8.34565 0 
840 19.3587 8.3459 0 
